1 0.263750 0.335907 0.062500 0.100386
1 0.058750 0.330116 0.067500 0.088803
1 0.535000 0.125483 0.115000 0.173745
1 0.777500 0.305019 0.080000 0.100386
1 0.923750 0.359073 0.052500 0.061776
3 0.091250 0.557915 0.067500 0.050193
3 0.290000 0.569498 0.075000 0.073359
3 0.636250 0.606178 0.122500 0.084942
3 0.848750 0.552124 0.062500 0.046332
3 0.978750 0.552124 0.042500 0.046332
2 0.072500 0.608108 0.140000 0.359073
2 0.270000 0.617761 0.170000 0.416988
2 0.567500 0.652510 0.300000 0.694981
2 0.811250 0.611969 0.187500 0.428571
2 0.942500 0.586873 0.115000 0.293436
