0 0.058894 0.156250 0.055288 0.067308
0 0.115385 0.183894 0.067308 0.084135
0 0.201923 0.231971 0.100962 0.098558
0 0.395433 0.289663 0.093750 0.132212
0 0.558894 0.353365 0.132212 0.139423
0 0.667067 0.271635 0.103365 0.100962
0 0.731971 0.389423 0.108173 0.158654
0 0.808894 0.307692 0.093750 0.115385
0 0.902644 0.348558 0.108173 0.153846
0 0.502404 0.230769 0.052885 0.072115
0 0.326923 0.193510 0.076923 0.064904
0 0.198317 0.155048 0.079327 0.055288
2 0.121394 0.469952 0.084135 0.305288
2 0.225962 0.593750 0.115385 0.408654
2 0.405048 0.723558 0.213942 0.538462
2 0.563702 0.783654 0.161058 0.427885
2 0.782452 0.826923 0.300481 0.346154
3 0.216346 0.521635 0.072115 0.043269
3 0.126202 0.429087 0.064904 0.036058
3 0.413462 0.668269 0.096154 0.024038
3 0.799279 0.950721 0.137019 0.055288
