1 0.280093 0.344891 0.067593 0.098540
1 0.456019 0.333942 0.065741 0.079075
1 0.600000 0.379562 0.059259 0.080292
1 0.801852 0.371046 0.061111 0.065693
3 0.860648 0.624088 0.082407 0.043796
3 0.932870 0.571168 0.039815 0.018248
3 0.037500 0.453771 0.060185 0.021898
2 0.051852 0.526156 0.083333 0.183698
1 0.028704 0.346715 0.031481 0.043796
2 0.146759 0.603406 0.213889 0.420925
2 0.419444 0.631995 0.205556 0.456204
2 0.623611 0.643552 0.160185 0.360097
2 0.825463 0.673358 0.175000 0.378345
2 0.940741 0.632603 0.079630 0.187348
