0 0.212740 0.068510 0.103365 0.074519
0 0.284856 0.450721 0.084135 0.088942
0 0.289663 0.814904 0.074519 0.110577
2 0.144231 0.180288 0.211538 0.216346
2 0.137019 0.518029 0.197115 0.223558
2 0.134615 0.835337 0.197115 0.185096
2 0.457933 0.832933 0.185096 0.281250
0 0.634615 0.795673 0.072115 0.115385
2 0.865385 0.836538 0.221154 0.139423
0 0.709135 0.768029 0.052885 0.108173
0 0.712740 0.140625 0.079327 0.156250
2 0.858173 0.522837 0.283654 0.199519
2 0.875000 0.183894 0.216346 0.161058
2 0.532452 0.194712 0.237981 0.201923
0 0.429087 0.055288 0.108173 0.072115
