1 0.088462 0.395921 0.050769 0.049163
1 0.183077 0.381276 0.046154 0.049163
1 0.172308 0.337343 0.041538 0.036611
1 0.278462 0.395921 0.061538 0.070084
1 0.486923 0.393305 0.046154 0.075314
1 0.397692 0.345711 0.036923 0.047071
1 0.320000 0.367155 0.046154 0.062762
1 0.650000 0.386506 0.040000 0.065900
1 0.561923 0.366109 0.034615 0.060669
1 0.823462 0.355649 0.050000 0.071130
1 0.945385 0.347280 0.050769 0.075314
1 0.711923 0.344142 0.068462 0.069038
2 0.301154 0.687762 0.154615 0.339958
2 0.095000 0.634937 0.154615 0.288703
2 0.193846 0.574268 0.086154 0.223849
2 0.502308 0.686192 0.156923 0.384937
2 0.720385 0.656904 0.168462 0.315900
2 0.946923 0.623431 0.106154 0.330544
0 0.233077 0.330021 0.038462 0.057531
1 0.521154 0.339958 0.053077 0.058577
