1 0.167067 0.364183 0.050481 0.064904
0 0.258413 0.358173 0.036058 0.076923
0 0.483173 0.388221 0.052885 0.060096
0 0.632212 0.385817 0.057692 0.098558
0 0.764423 0.373798 0.052885 0.050481
0 0.846154 0.368990 0.038462 0.031250
0 0.907452 0.372596 0.069712 0.038462
2 0.135817 0.562500 0.060096 0.235577
2 0.044471 0.504808 0.074519 0.144231
0 0.052885 0.391827 0.052885 0.038462
2 0.266827 0.594952 0.197115 0.295673
2 0.478365 0.537260 0.115385 0.194712
2 0.635817 0.603365 0.156250 0.269231
2 0.758413 0.501202 0.088942 0.165865
2 0.905048 0.467548 0.112981 0.122596
