1 0.948333 0.704715 0.046667 0.104218
1 0.876667 0.686104 0.063333 0.106700
1 0.944167 0.633995 0.071667 0.076923
1 0.784167 0.624069 0.035000 0.096774
1 0.716667 0.667494 0.050000 0.089330
1 0.685833 0.645161 0.038333 0.084367
1 0.835833 0.558313 0.035000 0.089330
1 0.804167 0.511166 0.051667 0.079404
1 0.738333 0.514888 0.036667 0.071960
1 0.674167 0.523573 0.045000 0.084367
1 0.705000 0.498759 0.030000 0.069479
0 0.690833 0.361042 0.028333 0.047146
2 0.442500 0.220844 0.028333 0.089330
1 0.593333 0.652605 0.050000 0.109181
1 0.627500 0.565757 0.031667 0.084367
1 0.549167 0.590571 0.041667 0.079404
1 0.490000 0.710918 0.050000 0.086849
1 0.522500 0.671216 0.051667 0.101737
1 0.559167 0.497519 0.041667 0.066998
1 0.439167 0.630273 0.035000 0.074442
1 0.263333 0.646402 0.046667 0.081886
1 0.323333 0.575682 0.046667 0.084367
1 0.401667 0.586849 0.046667 0.071960
1 0.232500 0.672457 0.041667 0.089330
1 0.130000 0.710918 0.066667 0.106700
1 0.050000 0.698511 0.056667 0.091811
1 0.025000 0.598015 0.036667 0.079404
1 0.075833 0.568238 0.035000 0.064516
1 0.157500 0.576923 0.041667 0.086849
1 0.074167 0.524814 0.041667 0.066998
1 0.098333 0.461538 0.036667 0.049628
1 0.145833 0.441687 0.035000 0.074442
1 0.253333 0.534739 0.036667 0.052109
1 0.357500 0.535980 0.028333 0.064516
1 0.502500 0.408189 0.031667 0.066998
1 0.399167 0.481390 0.038333 0.069479
1 0.069167 0.408189 0.028333 0.047146
1 0.243333 0.401985 0.040000 0.034739
0 0.296667 0.436725 0.023333 0.054591
1 0.379167 0.404467 0.025000 0.044665
1 0.416667 0.397022 0.030000 0.054591
1 0.444167 0.356079 0.021667 0.042184
1 0.139167 0.344913 0.028333 0.034739
1 0.117500 0.518610 0.038333 0.064516
1 0.334167 0.338710 0.021667 0.047146
1 0.302500 0.301489 0.018333 0.032258
1 0.240833 0.229529 0.061667 0.032258
