1 0.245833 0.106814 0.054630 0.132597
1 0.163426 0.265193 0.067593 0.139963
1 0.248611 0.295580 0.052778 0.127072
1 0.437963 0.122468 0.062963 0.119705
1 0.435185 0.302947 0.062963 0.127072
1 0.586111 0.093923 0.048148 0.128913
1 0.600000 0.280847 0.044444 0.123389
1 0.772222 0.120626 0.051852 0.123389
1 0.765278 0.275322 0.056481 0.112339
3 0.412500 0.642726 0.075000 0.051565
3 0.214352 0.520258 0.080556 0.042357
2 0.229630 0.740331 0.140741 0.519337
2 0.426389 0.713628 0.143519 0.532228
2 0.613426 0.717311 0.173148 0.502762
2 0.796296 0.701657 0.168519 0.482505
