0 0.030385 0.212343 0.059231 0.100418
0 0.094615 0.188285 0.040000 0.066946
0 0.120000 0.280335 0.076923 0.117155
0 0.195385 0.251046 0.073846 0.119247
2 0.131538 0.628661 0.247692 0.470711
0 0.287308 0.194038 0.050000 0.072176
0 0.371923 0.230649 0.060769 0.105649
2 0.267308 0.440900 0.050000 0.306485
2 0.320385 0.501046 0.082308 0.366109
2 0.418846 0.612971 0.179231 0.410042
0 0.451538 0.264121 0.069231 0.105649
0 0.582308 0.225418 0.066154 0.091004
2 0.573077 0.515690 0.121538 0.361925
0 0.721923 0.299163 0.090000 0.138075
2 0.714231 0.664749 0.186923 0.423640
0 0.784615 0.229079 0.055385 0.060669
0 0.739615 0.194561 0.043846 0.060669
1 0.799615 0.308577 0.056154 0.073222
1 0.533462 0.180439 0.026923 0.040795
0 0.428462 0.160565 0.052308 0.049163
1 0.920000 0.188808 0.041538 0.057531
0 0.670385 0.177824 0.050000 0.064854
