0 0.113750 0.251282 0.067500 0.112821
0 0.257500 0.223077 0.075000 0.179487
0 0.332500 0.289744 0.040000 0.128205
0 0.372500 0.289744 0.050000 0.148718
0 0.458750 0.258974 0.062500 0.138462
0 0.677500 0.246154 0.065000 0.184615
0 0.617500 0.256410 0.060000 0.143590
0 0.847500 0.284615 0.045000 0.138462
0 0.761250 0.315385 0.062500 0.128205
2 0.115000 0.610256 0.120000 0.430769
2 0.252500 0.646154 0.115000 0.533333
2 0.346250 0.633333 0.117500 0.446154
2 0.480000 0.607692 0.140000 0.446154
2 0.713750 0.610256 0.137500 0.574359
2 0.891250 0.623077 0.137500 0.579487
