0 0.145000 0.128889 0.060000 0.124444
0 0.275000 0.140000 0.065000 0.155556
0 0.392500 0.182222 0.075000 0.186667
0 0.457500 0.128889 0.085000 0.115556
0 0.678750 0.155556 0.062500 0.168889
0 0.613750 0.162222 0.057500 0.120000
0 0.835000 0.142222 0.080000 0.168889
2 0.817500 0.631111 0.235000 0.737778
2 0.687500 0.611111 0.170000 0.484444
2 0.523750 0.520000 0.112500 0.382222
2 0.151250 0.508889 0.092500 0.360000
3 0.473750 0.628889 0.112500 0.057778
3 0.817500 0.544444 0.100000 0.075556
3 0.701250 0.511111 0.072500 0.053333
