1 0.289352 0.271836 0.036111 0.087344
1 0.322222 0.278966 0.038889 0.090909
1 0.446759 0.278966 0.050926 0.101604
1 0.497222 0.256684 0.044444 0.096257
1 0.622685 0.293226 0.047222 0.101604
1 0.643981 0.264706 0.041667 0.094474
1 0.769907 0.242424 0.043519 0.106952
1 0.803241 0.302139 0.049074 0.108734
3 0.629630 0.555258 0.072222 0.033868
3 0.818056 0.433155 0.078704 0.042781
2 0.271759 0.601604 0.149074 0.401070
2 0.452778 0.614973 0.137037 0.452763
2 0.631019 0.647950 0.110185 0.525847
2 0.814352 0.651515 0.162037 0.500891
