1 0.121394 0.356971 0.036058 0.050481
1 0.091346 0.367788 0.052885 0.057692
2 0.072115 0.575721 0.105769 0.266827
3 0.067308 0.521635 0.057692 0.043269
3 0.229567 0.530048 0.050481 0.064904
2 0.218750 0.580529 0.110577 0.262019
1 0.260817 0.343750 0.026442 0.072115
1 0.234375 0.376202 0.045673 0.064904
1 0.372596 0.337740 0.048077 0.055288
1 0.353365 0.361779 0.052885 0.060096
2 0.353365 0.581731 0.110577 0.254808
1 0.468750 0.558894 0.100962 0.252404
1 0.473558 0.366587 0.062500 0.055288
1 0.502404 0.331731 0.043269 0.062500
1 0.587740 0.362981 0.040865 0.057692
1 0.596154 0.304087 0.052885 0.060096
2 0.596154 0.570913 0.110577 0.262019
3 0.475962 0.520433 0.072115 0.040865
3 0.585337 0.513221 0.055288 0.040865
3 0.707933 0.509615 0.050481 0.043269
2 0.717548 0.568510 0.112981 0.276442
1 0.730769 0.276442 0.033654 0.052885
1 0.711538 0.354567 0.057692 0.060096
1 0.812500 0.294471 0.048077 0.055288
1 0.810096 0.355769 0.072115 0.072115
1 0.913462 0.284856 0.057692 0.055288
1 0.923077 0.346154 0.052885 0.057692
2 0.924279 0.575721 0.108173 0.319712
3 0.930288 0.506010 0.062500 0.021635
2 0.820913 0.567308 0.079327 0.288462
