1 0.092500 0.356250 0.035000 0.062500
1 0.122500 0.356250 0.035000 0.062500
1 0.235000 0.366667 0.050000 0.066667
1 0.262500 0.350000 0.040000 0.050000
1 0.345000 0.354167 0.030000 0.066667
1 0.375000 0.335417 0.035000 0.062500
1 0.467500 0.366667 0.030000 0.058333
1 0.585000 0.362500 0.040000 0.058333
1 0.592500 0.308333 0.030000 0.058333
1 0.707500 0.347917 0.035000 0.070833
1 0.730000 0.270833 0.035000 0.058333
1 0.816250 0.354167 0.037500 0.083333
1 0.810000 0.283333 0.045000 0.066667
1 0.917500 0.281250 0.040000 0.062500
1 0.925000 0.337500 0.040000 0.050000
3 0.930000 0.506250 0.045000 0.037500
3 0.828750 0.512500 0.057500 0.033333
3 0.710000 0.506250 0.050000 0.045833
3 0.586250 0.508333 0.052500 0.025000
2 0.472500 0.518750 0.050000 0.045833
3 0.225000 0.520833 0.040000 0.058333
3 0.066250 0.520833 0.047500 0.050000
2 0.075000 0.581250 0.130000 0.270833
2 0.221250 0.581250 0.117500 0.312500
2 0.356250 0.570833 0.107500 0.283333
2 0.472500 0.570833 0.090000 0.275000
2 0.587500 0.564583 0.115000 0.270833
2 0.720000 0.566667 0.120000 0.291667
2 0.825000 0.585417 0.090000 0.287500
2 0.936250 0.581250 0.102500 0.304167
