1 0.116250 0.290036 0.047500 0.096085
1 0.251250 0.297153 0.072500 0.110320
1 0.340000 0.266904 0.060000 0.092527
1 0.463750 0.284698 0.077500 0.106762
1 0.726250 0.274021 0.047500 0.078292
1 0.878750 0.268683 0.032500 0.060498
1 0.912500 0.277580 0.040000 0.049822
2 0.082500 0.549822 0.145000 0.316726
2 0.280000 0.610320 0.225000 0.437722
3 0.265000 0.549822 0.080000 0.074733
2 0.658750 0.741993 0.307500 0.516014
2 0.790000 0.613879 0.105000 0.366548
2 0.882500 0.540925 0.140000 0.306050
2 0.968750 0.467972 0.062500 0.245552
