0 0.038462 0.291318 0.073846 0.084728
0 0.172692 0.281904 0.051538 0.074268
2 0.139231 0.483787 0.096923 0.260460
0 0.477692 0.318515 0.041538 0.074268
0 0.510000 0.318515 0.041538 0.076360
0 0.562692 0.312238 0.062308 0.095188
2 0.548462 0.545502 0.132308 0.287657
0 0.665385 0.330021 0.049231 0.042887
2 0.656923 0.454498 0.064615 0.176778
0 0.798846 0.335774 0.066923 0.144351
2 0.784231 0.655335 0.168462 0.375523
0 0.916923 0.339958 0.053846 0.100418
2 0.921538 0.544979 0.107692 0.271967
0 0.847692 0.327406 0.049231 0.056485
