1 0.980769 0.091346 0.038462 0.149038
1 0.727163 0.352163 0.064904 0.060096
1 0.683894 0.425481 0.040865 0.057692
1 0.109375 0.399038 0.055288 0.072115
1 0.143029 0.384615 0.040865 0.067308
1 0.336538 0.397837 0.038462 0.060096
1 0.347356 0.354567 0.050481 0.079327
1 0.556490 0.408654 0.060096 0.062500
1 0.552885 0.352163 0.048077 0.069712
1 0.427885 0.455529 0.028846 0.050481
1 0.475962 0.490385 0.062500 0.038462
2 0.463942 0.558894 0.043269 0.079327
2 0.329327 0.622596 0.139423 0.312500
2 0.573317 0.596154 0.161058 0.302885
