1 0.783500 0.469265 0.059000 0.104948
1 0.742500 0.495502 0.051000 0.106447
1 0.698000 0.500750 0.052000 0.089955
3 0.498500 0.736132 0.071000 0.017991
1 0.271000 0.514243 0.046000 0.080960
1 0.255500 0.473013 0.035000 0.064468
1 0.487000 0.544978 0.052000 0.085457
1 0.480000 0.477511 0.048000 0.085457
1 0.562000 0.476012 0.050000 0.082459
1 0.572000 0.364318 0.050000 0.098951
1 0.785000 0.353823 0.038000 0.119940
1 0.973000 0.503748 0.054000 0.131934
1 0.923000 0.395052 0.052000 0.079460
1 0.926500 0.280360 0.035000 0.089955
1 0.844000 0.314093 0.042000 0.076462
1 0.695000 0.320090 0.042000 0.085457
1 0.431500 0.379310 0.031000 0.038981
1 0.471500 0.403298 0.021000 0.059970
1 0.382500 0.420540 0.039000 0.052474
1 0.314500 0.392804 0.069000 0.068966
1 0.234500 0.382309 0.057000 0.074963
1 0.184000 0.422789 0.068000 0.095952
1 0.135000 0.415292 0.046000 0.083958
1 0.026500 0.374063 0.041000 0.070465
1 0.075500 0.385307 0.039000 0.056972
2 0.055000 0.549475 0.092000 0.208396
3 0.080000 0.493253 0.030000 0.017991
2 0.243000 0.716642 0.260000 0.449775
2 0.712000 0.793103 0.564000 0.380810
