0 0.076667 0.231111 0.086667 0.142222
0 0.154167 0.228889 0.085000 0.151111
0 0.307500 0.172222 0.161667 0.246667
0 0.425833 0.157778 0.131667 0.208889
0 0.529167 0.235556 0.075000 0.133333
0 0.644167 0.140000 0.105000 0.146667
0 0.580833 0.140000 0.055000 0.133333
0 0.848333 0.187778 0.046667 0.113333
0 0.874167 0.126667 0.068333 0.071111
0 0.967500 0.167778 0.065000 0.135556
3 0.048333 0.613333 0.080000 0.048889
3 0.261667 0.721111 0.120000 0.077778
3 0.637500 0.593333 0.091667 0.057778
3 0.825000 0.480000 0.063333 0.035556
2 0.072500 0.698889 0.135000 0.562222
2 0.273333 0.716667 0.266667 0.566667
2 0.672500 0.705556 0.248333 0.588889
2 0.860000 0.565556 0.146667 0.464444
2 0.956667 0.491111 0.086667 0.444444
