0 0.207933 0.467548 0.103365 0.132212
0 0.271635 0.426683 0.134615 0.151442
0 0.409856 0.373798 0.060096 0.040865
0 0.528846 0.368990 0.052885 0.050481
0 0.605769 0.377404 0.057692 0.052885
0 0.677885 0.367788 0.057692 0.076923
0 0.760817 0.376202 0.069712 0.084135
0 0.884615 0.407452 0.115385 0.122596
0 0.128606 0.373798 0.088942 0.036058
2 0.204327 0.823317 0.245192 0.290865
2 0.431490 0.501202 0.098558 0.146635
2 0.544471 0.510817 0.069712 0.161058
2 0.614183 0.539663 0.060096 0.204327
2 0.692308 0.563702 0.043269 0.204327
2 0.763221 0.575721 0.093750 0.218750
2 0.883413 0.639423 0.122596 0.269231
2 0.115385 0.504808 0.048077 0.129808
