0 0.293269 0.631010 0.048077 0.036058
0 0.527644 0.561298 0.045673 0.050481
0 0.920673 0.556490 0.062500 0.069712
0 0.686298 0.552885 0.069712 0.052885
0 0.550481 0.707933 0.072115 0.021635
0 0.692308 0.730769 0.048077 0.052885
0 0.409856 0.842548 0.098558 0.055288
1 0.647837 0.731971 0.036058 0.060096
0 0.769231 0.841346 0.067308 0.057692
0 0.133413 0.616587 0.045673 0.060096
0 0.128606 0.780048 0.040865 0.036058
0 0.358173 0.501202 0.057692 0.045673
0 0.393029 0.540865 0.069712 0.024038
2 0.679087 0.625000 0.122596 0.081731
2 0.920673 0.644231 0.100962 0.076923
2 0.844952 0.698317 0.127404 0.093750
2 0.405048 0.768029 0.127404 0.060096
2 0.292067 0.820913 0.137019 0.084135
2 0.764423 0.945913 0.153846 0.098558
2 0.554087 0.800481 0.132212 0.076923
2 0.140625 0.881010 0.122596 0.079327
2 0.438702 0.921875 0.165865 0.069712
2 0.538462 0.631010 0.086538 0.074519
