0 0.021615 0.478704 0.032813 0.081481
0 0.060417 0.472222 0.026042 0.055556
0 0.084375 0.474074 0.026042 0.064815
0 0.188542 0.450926 0.060417 0.112963
0 0.252083 0.444444 0.040625 0.087037
0 0.226823 0.453704 0.022396 0.059259
0 0.328906 0.475463 0.052604 0.121296
0 0.399219 0.475000 0.032813 0.070370
0 0.527604 0.471296 0.033333 0.083333
0 0.452083 0.475463 0.023958 0.056481
0 0.601302 0.475926 0.040104 0.077778
0 0.562240 0.462037 0.035937 0.044444
0 0.649740 0.470833 0.030729 0.080556
0 0.628385 0.487500 0.029687 0.063889
0 0.694010 0.469907 0.026562 0.034259
0 0.830208 0.461111 0.030208 0.053704
0 0.874740 0.476852 0.038021 0.072222
0 0.785677 0.464815 0.028646 0.053704
0 0.757552 0.456481 0.031771 0.061111
0 0.726562 0.457870 0.034375 0.073148
0 0.443490 0.410185 0.089063 0.038889
2 0.203125 0.770833 0.100000 0.367593
2 0.076302 0.589815 0.067187 0.144444
2 0.025781 0.579167 0.041146 0.130556
2 0.397656 0.604630 0.045312 0.151852
2 0.457813 0.611111 0.054167 0.162963
2 0.527604 0.712963 0.109375 0.307407
2 0.619792 0.679167 0.075000 0.297222
2 0.683854 0.570370 0.046875 0.148148
2 0.817448 0.602315 0.164062 0.191667
