1 0.228241 0.242424 0.047222 0.117647
1 0.196296 0.295900 0.057407 0.139037
1 0.350463 0.272727 0.036111 0.106952
1 0.384259 0.293226 0.046296 0.101604
1 0.505556 0.260250 0.048148 0.092692
1 0.551389 0.286096 0.052778 0.108734
1 0.675926 0.268271 0.040741 0.112299
1 0.712963 0.271836 0.038889 0.105169
3 0.375000 0.549911 0.068519 0.044563
3 0.186111 0.432264 0.074074 0.033868
2 0.196759 0.640820 0.141667 0.475936
2 0.375000 0.641711 0.098148 0.527629
2 0.554630 0.622103 0.112963 0.431373
3 0.747222 0.510695 0.053704 0.030303
2 0.741667 0.636364 0.203704 0.470588
