0 0.770433 0.591346 0.122596 0.163462
0 0.649038 0.575721 0.105769 0.161058
0 0.456731 0.491587 0.076923 0.127404
0 0.531250 0.423077 0.072115 0.081731
0 0.230769 0.443510 0.076923 0.103365
0 0.353365 0.473558 0.076923 0.134615
0 0.081731 0.423077 0.062500 0.086538
0 0.153846 0.426683 0.057692 0.103365
2 0.091346 0.639423 0.067308 0.221154
2 0.168269 0.670673 0.067308 0.250000
2 0.243990 0.721154 0.103365 0.293269
2 0.355769 0.787260 0.125000 0.391827
2 0.500000 0.799279 0.168269 0.334135
2 0.743990 0.862981 0.281250 0.230769
2 0.960337 0.811298 0.060096 0.377404
0 0.715144 0.447115 0.112981 0.076923
0 0.257212 0.362981 0.062500 0.052885
