0 0.525000 0.340659 0.075000 0.095238
0 0.211250 0.309524 0.067500 0.106227
0 0.812500 0.384615 0.085000 0.102564
0 0.056250 0.309524 0.032500 0.054945
0 0.018750 0.313187 0.027500 0.062271
1 0.733750 0.311355 0.032500 0.058608
1 0.460000 0.289377 0.035000 0.043956
1 0.395000 0.307692 0.030000 0.051282
1 0.326250 0.311355 0.022500 0.043956
1 0.951250 0.333333 0.032500 0.065934
1 0.908750 0.333333 0.032500 0.065934
1 0.805000 0.289377 0.035000 0.051282
0 0.136250 0.294872 0.027500 0.054945
1 0.106250 0.293040 0.032500 0.051282
1 0.616250 0.304029 0.027500 0.043956
1 0.570000 0.302198 0.020000 0.040293
2 0.232500 0.514652 0.225000 0.289377
2 0.530000 0.527473 0.270000 0.256410
2 0.801250 0.672161 0.397500 0.318681
