1 0.056490 0.332933 0.064904 0.079327
1 0.262019 0.328125 0.076923 0.088942
1 0.543269 0.128606 0.144231 0.156250
1 0.774038 0.308894 0.067308 0.084135
1 0.923077 0.362981 0.052885 0.067308
3 0.633413 0.606971 0.132212 0.088942
3 0.289663 0.566106 0.069712 0.050481
3 0.844952 0.554087 0.098558 0.060096
3 0.969952 0.566106 0.055288 0.060096
3 0.090144 0.563702 0.064904 0.050481
2 0.070913 0.603365 0.127404 0.360577
2 0.272837 0.617788 0.161058 0.423077
2 0.578125 0.623798 0.358173 0.752404
2 0.813702 0.604567 0.156250 0.425481
2 0.942308 0.584135 0.115385 0.312500
