0 0.203462 0.309623 0.068462 0.098326
0 0.088077 0.340481 0.062308 0.082636
2 0.085769 0.540272 0.103846 0.245816
2 0.230000 0.660042 0.150769 0.322176
0 0.160000 0.321653 0.044615 0.044979
0 0.438462 0.317469 0.049231 0.067992
2 0.455385 0.546548 0.109231 0.268828
0 0.828846 0.287657 0.046923 0.037657
0 0.495769 0.325837 0.048462 0.084728
0 0.530000 0.303347 0.043077 0.058577
2 0.865385 0.480126 0.092308 0.242678
0 0.981923 0.289226 0.036154 0.078452
2 0.351538 0.466004 0.087692 0.162134
0 0.338077 0.327406 0.053077 0.050209
