1 0.550481 0.153846 0.134615 0.163462
1 0.683894 0.084135 0.137019 0.163462
2 0.575721 0.687500 0.617788 0.625000
3 0.116587 0.332933 0.060096 0.045673
3 0.335337 0.323317 0.055288 0.045673
3 0.873798 0.302885 0.064904 0.052885
2 0.123798 0.391827 0.093750 0.197115
2 0.296875 0.365385 0.117788 0.216346
2 0.882212 0.352163 0.115385 0.266827
1 0.846154 0.025240 0.076923 0.045673
1 0.187500 0.088942 0.052885 0.067308
1 0.082933 0.110577 0.055288 0.072115
1 0.042067 0.156250 0.040865 0.072115
1 0.292067 0.131010 0.045673 0.050481
