1 0.355769 0.383413 0.057692 0.074519
1 0.079327 0.349760 0.057692 0.074519
1 0.187500 0.376202 0.057692 0.074519
1 0.442308 0.383413 0.057692 0.074519
1 0.701923 0.390625 0.057692 0.074519
1 0.764423 0.407452 0.052885 0.050481
2 0.125000 0.612981 0.139423 0.336538
2 0.259615 0.608173 0.139423 0.336538
2 0.399038 0.600962 0.139423 0.336538
2 0.534856 0.616587 0.137019 0.290865
2 0.656250 0.602163 0.129808 0.310096
2 0.764423 0.585337 0.134615 0.300481
2 0.854567 0.585337 0.127404 0.290865
2 0.914663 0.587740 0.137019 0.286058
