1 0.130000 0.121652 0.085000 0.145089
2 0.135000 0.668527 0.262500 0.604911
3 0.104375 0.633929 0.081250 0.102679
1 0.308125 0.159598 0.036250 0.100446
2 0.308125 0.483259 0.136250 0.377232
3 0.286250 0.441964 0.065000 0.066964
1 0.581875 0.166295 0.073750 0.127232
2 0.582500 0.618304 0.210000 0.562500
3 0.566250 0.536830 0.110000 0.087054
1 0.842500 0.174107 0.062500 0.125000
2 0.839375 0.546875 0.146250 0.424107
0 0.784375 0.223214 0.046250 0.098214
0 0.918750 0.210938 0.055000 0.113839
2 0.926875 0.414062 0.066250 0.265625
3 0.836250 0.489955 0.092500 0.064732
