0 0.390000 0.560000 0.085000 0.176000
0 0.085000 0.470000 0.050000 0.092000
3 0.080000 0.642000 0.050000 0.036000
2 0.085000 0.734000 0.125000 0.316000
1 0.116250 0.432000 0.042500 0.072000
1 0.168750 0.404000 0.037500 0.064000
1 0.192500 0.378000 0.035000 0.052000
3 0.178750 0.908000 0.102500 0.024000
2 0.210000 0.876000 0.200000 0.248000
1 0.200000 0.540000 0.070000 0.144000
1 0.245000 0.524000 0.040000 0.104000
1 0.448750 0.546000 0.057500 0.156000
0 0.501250 0.476000 0.082500 0.168000
1 0.626250 0.354000 0.077500 0.148000
1 0.637500 0.562000 0.085000 0.124000
0 0.962500 0.600000 0.075000 0.168000
1 0.895000 0.552000 0.065000 0.136000
1 0.840000 0.534000 0.055000 0.100000
2 0.412500 0.920000 0.180000 0.160000
2 0.653750 0.920000 0.257500 0.160000
