0 0.218750 0.290262 0.092500 0.101124
0 0.525000 0.297753 0.085000 0.108614
0 0.962500 0.299625 0.075000 0.104869
0 0.315000 0.352060 0.085000 0.134831
0 0.652500 0.277154 0.080000 0.089888
0 0.747500 0.303371 0.080000 0.089888
2 0.047500 0.588015 0.085000 0.172285
2 0.300000 0.726592 0.400000 0.426966
2 0.525000 0.514981 0.200000 0.250936
2 0.717500 0.623596 0.230000 0.348315
2 0.907500 0.574906 0.110000 0.273408
3 0.032500 0.610487 0.035000 0.044944
3 0.080000 0.661049 0.040000 0.056180
3 0.437500 0.485019 0.030000 0.048689
3 0.878750 0.511236 0.052500 0.033708
