0 0.110840 0.465339 0.067383 0.078171
0 0.203613 0.466814 0.043945 0.066372
0 0.270508 0.454277 0.039062 0.053097
0 0.344238 0.452065 0.051758 0.048673
0 0.385742 0.450590 0.039062 0.054572
0 0.431152 0.450590 0.038086 0.060472
0 0.507324 0.455752 0.047852 0.076696
0 0.552246 0.452802 0.040039 0.064897
0 0.594727 0.441003 0.027344 0.061947
0 0.624512 0.434366 0.026367 0.039823
0 0.671387 0.463864 0.036133 0.060472
0 0.714355 0.463127 0.045898 0.067847
0 0.836914 0.459440 0.066406 0.104720
0 0.954102 0.455015 0.046875 0.060472
2 0.096191 0.738201 0.153320 0.343658
2 0.194824 0.659292 0.075195 0.241888
2 0.260254 0.606932 0.065430 0.178466
2 0.340820 0.674041 0.080078 0.256637
2 0.426270 0.641593 0.065430 0.227139
2 0.519531 0.725664 0.121094 0.333333
2 0.723633 0.685103 0.091797 0.278761
2 0.856445 0.753687 0.158203 0.374631
2 0.923340 0.676991 0.088867 0.259587
2 0.604980 0.593658 0.059570 0.190265
