0 0.561298 0.054087 0.132212 0.103365
3 0.652644 0.449519 0.074519 0.086538
2 0.558894 0.622596 0.372596 0.754808
1 0.771635 0.062500 0.076923 0.110577
1 0.704327 0.066106 0.062500 0.074519
1 0.647837 0.116587 0.050481 0.064904
1 0.479567 0.106971 0.036058 0.050481
1 0.453125 0.100962 0.050481 0.043269
1 0.406250 0.081731 0.052885 0.076923
1 0.349760 0.078125 0.040865 0.074519
1 0.299279 0.092548 0.050481 0.055288
1 0.275240 0.062500 0.050481 0.067308
1 0.221154 0.061298 0.043269 0.045673
1 0.175481 0.057692 0.043269 0.052885
1 0.138221 0.043269 0.050481 0.048077
