0 0.131771 0.450463 0.031250 0.073148
0 0.171615 0.452778 0.028646 0.053704
0 0.223698 0.466204 0.033854 0.060185
0 0.250781 0.459722 0.034896 0.076852
0 0.282813 0.452315 0.021875 0.039815
0 0.312760 0.462037 0.033854 0.051852
0 0.363021 0.471759 0.045833 0.047222
0 0.375781 0.469444 0.024479 0.072222
0 0.402083 0.463426 0.044792 0.108333
0 0.436719 0.469907 0.041146 0.078704
0 0.478906 0.474074 0.048438 0.103704
0 0.513281 0.472222 0.026562 0.062963
0 0.552083 0.475463 0.028125 0.060185
0 0.580729 0.462963 0.022917 0.057407
0 0.609115 0.477315 0.035937 0.073148
0 0.678125 0.480556 0.060417 0.085185
0 0.751042 0.452315 0.033333 0.084259
0 0.818229 0.461111 0.058333 0.150000
0 0.921094 0.477315 0.025521 0.058333
0 0.939063 0.467593 0.026042 0.062963
0 0.984635 0.463426 0.030729 0.069444
2 0.124219 0.614352 0.049479 0.169444
2 0.170313 0.631019 0.072917 0.208333
2 0.216927 0.586111 0.046354 0.144444
2 0.310937 0.575926 0.044792 0.138889
2 0.372917 0.680093 0.065625 0.263889
2 0.472656 0.699537 0.115104 0.308333
2 0.556771 0.611111 0.057292 0.162963
2 0.606771 0.600000 0.035417 0.174074
2 0.673698 0.757870 0.089063 0.339815
2 0.747917 0.689352 0.059375 0.267593
2 0.826823 0.773148 0.144271 0.387037
2 0.911458 0.582407 0.032292 0.151852
2 0.943229 0.600463 0.051042 0.156481
2 0.982812 0.575926 0.034375 0.122222
