0 0.489183 0.459135 0.050481 0.062500
0 0.585337 0.507212 0.064904 0.038462
0 0.614183 0.324519 0.074519 0.057692
0 0.645433 0.379808 0.050481 0.024038
0 0.669471 0.194712 0.055288 0.048077
0 0.725962 0.102163 0.024038 0.036058
0 0.757212 0.246394 0.067308 0.040865
0 0.798077 0.127404 0.043269 0.043269
2 0.472356 0.536058 0.064904 0.072115
2 0.581731 0.590144 0.072115 0.079327
2 0.647837 0.447115 0.069712 0.076923
2 0.754808 0.307692 0.062500 0.067308
2 0.661058 0.257212 0.043269 0.038462
2 0.728365 0.149038 0.038462 0.028846
2 0.796875 0.180288 0.040865 0.038462
