0 0.118750 0.248718 0.047500 0.107692
0 0.257500 0.220513 0.075000 0.133333
0 0.326250 0.289744 0.047500 0.097436
0 0.362500 0.264103 0.040000 0.076923
0 0.457500 0.248718 0.060000 0.128205
0 0.511250 0.307692 0.042500 0.092308
0 0.678750 0.212821 0.082500 0.158974
0 0.757500 0.302564 0.055000 0.123077
0 0.845000 0.292308 0.060000 0.123077
2 0.111250 0.602564 0.122500 0.384615
2 0.268750 0.646154 0.142500 0.471795
2 0.356250 0.612821 0.087500 0.405128
2 0.485000 0.643590 0.135000 0.528205
2 0.702500 0.648718 0.180000 0.425641
2 0.892500 0.617949 0.170000 0.415385
