0 0.592500 0.130189 0.190000 0.252830
0 0.731250 0.141509 0.042500 0.056604
0 0.876250 0.177358 0.042500 0.052830
1 0.400000 0.149057 0.055000 0.101887
1 0.028750 0.137736 0.052500 0.079245
3 0.480000 0.464151 0.040000 0.045283
3 0.928750 0.420755 0.062500 0.079245
3 0.770000 0.267925 0.035000 0.022642
2 0.335000 0.718868 0.425000 0.562264
2 0.488750 0.520755 0.112500 0.249057
2 0.865000 0.777358 0.270000 0.445283
2 0.870000 0.490566 0.195000 0.324528
3 0.157500 0.313208 0.025000 0.030189
3 0.202500 0.301887 0.030000 0.037736
3 0.247500 0.286792 0.025000 0.037736
2 0.172500 0.328302 0.180000 0.188679
