0 0.080000 0.466292 0.025000 0.033708
0 0.113750 0.456929 0.022500 0.044944
0 0.156250 0.453184 0.022500 0.044944
0 0.182500 0.402622 0.025000 0.048689
0 0.213750 0.406367 0.022500 0.041199
0 0.238750 0.415730 0.022500 0.044944
0 0.270000 0.413858 0.025000 0.071161
0 0.308750 0.408240 0.027500 0.059925
0 0.336250 0.389513 0.032500 0.067416
0 0.388750 0.387640 0.047500 0.056180
0 0.461250 0.353933 0.047500 0.078652
0 0.516250 0.337079 0.032500 0.082397
0 0.571250 0.323970 0.047500 0.086142
0 0.666250 0.262172 0.082500 0.142322
0 0.887500 0.211610 0.100000 0.183521
0 0.162500 0.531835 0.200000 0.082397
2 0.650000 0.728464 0.700000 0.543071
