1 0.335556 0.315625 0.106667 0.137500
1 0.060000 0.364063 0.075556 0.134375
1 0.106667 0.321875 0.053333 0.106250
1 0.144444 0.342187 0.031111 0.096875
1 0.167778 0.353125 0.020000 0.075000
1 0.186667 0.335938 0.031111 0.078125
1 0.238889 0.343750 0.055556 0.087500
1 0.381111 0.328125 0.015556 0.050000
1 0.406667 0.309375 0.022222 0.031250
1 0.618889 0.298438 0.020000 0.034375
1 0.726667 0.292187 0.084444 0.109375
1 0.511111 0.296875 0.066667 0.106250
1 0.902222 0.267188 0.084444 0.109375
1 0.964444 0.195312 0.071111 0.190625
1 0.822222 0.312500 0.053333 0.056250
1 0.667778 0.303125 0.037778 0.050000
