0 0.594952 0.129808 0.189904 0.254808
0 0.733173 0.141827 0.043269 0.052885
0 0.881010 0.177885 0.050481 0.052885
1 0.024038 0.139423 0.043269 0.072115
1 0.393029 0.141827 0.055288 0.096154
3 0.769231 0.271635 0.038462 0.028846
3 0.159856 0.310096 0.026442 0.028846
3 0.207933 0.310096 0.026442 0.024038
3 0.243990 0.287260 0.031250 0.026442
2 0.338942 0.730769 0.485577 0.538462
2 0.872596 0.788462 0.254808 0.423077
2 0.860577 0.475962 0.201923 0.341346
3 0.481971 0.465144 0.036058 0.040865
2 0.491587 0.491587 0.093750 0.310096
