1 0.107287 0.156522 0.052632 0.075362
1 0.032389 0.163768 0.048583 0.055072
1 0.044534 0.207246 0.072874 0.060870
0 0.175101 0.200000 0.107287 0.115942
0 0.264170 0.207246 0.091093 0.118841
1 0.288462 0.102899 0.062753 0.066667
1 0.470648 0.156522 0.099190 0.162319
1 0.544534 0.159420 0.056680 0.121739
0 0.798583 0.131884 0.062753 0.095652
0 0.908907 0.124638 0.125506 0.202899
0 0.983806 0.123188 0.032389 0.107246
3 0.786437 0.537681 0.095142 0.101449
3 0.306680 0.578261 0.082996 0.078261
3 0.032389 0.531884 0.060729 0.055072
2 0.118421 0.572464 0.224696 0.455072
2 0.441296 0.657971 0.441296 0.539130
2 0.846154 0.678261 0.307692 0.643478
