1 0.082031 0.178082 0.113281 0.127854
3 0.112305 0.472603 0.130859 0.050228
2 0.116211 0.571918 0.166016 0.458904
0 0.208984 0.113014 0.058594 0.093607
1 0.322266 0.128995 0.062500 0.098174
2 0.303711 0.365297 0.154297 0.374429
1 0.791992 0.167808 0.083984 0.180365
2 0.830078 0.683790 0.339844 0.632420
3 0.857422 0.570776 0.203125 0.114155
1 0.667969 0.163242 0.097656 0.134703
1 0.588867 0.117580 0.056641 0.079909
2 0.489258 0.456621 0.216797 0.383562
3 0.523438 0.396119 0.156250 0.111872
1 0.912109 0.128995 0.085938 0.107306
2 0.952148 0.445205 0.095703 0.374429
1 0.489258 0.126712 0.072266 0.093607
