0 0.075721 0.353365 0.055288 0.072115
0 0.138221 0.340144 0.074519 0.064904
0 0.207933 0.352163 0.040865 0.055288
0 0.344952 0.323317 0.064904 0.069712
0 0.429087 0.325721 0.045673 0.088942
0 0.515625 0.329327 0.045673 0.072115
0 0.582933 0.313702 0.045673 0.050481
0 0.661058 0.311298 0.038462 0.079327
0 0.745192 0.317308 0.048077 0.072115
0 0.795673 0.307692 0.048077 0.076923
0 0.877404 0.340144 0.076923 0.117788
0 0.966346 0.350962 0.067308 0.144231
2 0.087740 0.570913 0.074519 0.218750
2 0.168269 0.545673 0.067308 0.206731
2 0.242788 0.538462 0.081731 0.230769
2 0.361779 0.502404 0.074519 0.177885
2 0.433894 0.501202 0.069712 0.180288
2 0.515625 0.510817 0.055288 0.189904
2 0.587740 0.512019 0.064904 0.192308
2 0.653846 0.508413 0.043269 0.218750
2 0.717548 0.522837 0.045673 0.237981
2 0.923077 0.605769 0.096154 0.302885
2 0.840144 0.570913 0.064904 0.266827
2 0.782452 0.546875 0.055288 0.247596
