1 0.100000 0.378277 0.035000 0.074906
1 0.137500 0.402622 0.040000 0.063670
2 0.332500 0.602996 0.115000 0.277154
1 0.345000 0.353933 0.050000 0.063670
1 0.342500 0.419476 0.045000 0.082397
1 0.553750 0.350187 0.032500 0.071161
1 0.556250 0.411985 0.052500 0.082397
2 0.556250 0.610487 0.132500 0.277154
2 0.921250 0.170412 0.082500 0.086142
1 0.981250 0.088015 0.037500 0.146067
1 0.727500 0.353933 0.055000 0.071161
1 0.685000 0.425094 0.030000 0.048689
1 0.648750 0.432584 0.022500 0.033708
1 0.425000 0.449438 0.025000 0.044944
1 0.461250 0.488764 0.017500 0.033708
2 0.463750 0.558052 0.037500 0.112360
