0 0.348750 0.280303 0.097500 0.181818
0 0.201250 0.227273 0.097500 0.181818
0 0.116250 0.185606 0.097500 0.181818
0 0.073750 0.333333 0.097500 0.181818
0 0.048750 0.125000 0.057500 0.219697
0 0.363750 0.092803 0.097500 0.178030
0 0.523750 0.159091 0.097500 0.181818
0 0.663750 0.293561 0.097500 0.185606
0 0.742500 0.221591 0.105000 0.185606
0 0.831250 0.350379 0.097500 0.185606
0 0.951250 0.232955 0.097500 0.185606
0 0.936250 0.092803 0.097500 0.178030
0 0.741250 0.092803 0.097500 0.178030
3 0.348750 0.592803 0.057500 0.041667
3 0.506250 0.854167 0.077500 0.049242
3 0.842500 0.717803 0.090000 0.071970
