1 0.102500 0.380000 0.070000 0.104000
1 0.310000 0.376000 0.065000 0.128000
1 0.362500 0.346000 0.045000 0.084000
1 0.436250 0.332000 0.032500 0.080000
1 0.468750 0.354000 0.037500 0.116000
1 0.606250 0.364000 0.052500 0.120000
1 0.665000 0.342000 0.035000 0.068000
1 0.868750 0.326000 0.127500 0.100000
2 0.083750 0.702000 0.157500 0.396000
2 0.278750 0.678000 0.157500 0.396000
2 0.471250 0.658000 0.157500 0.396000
2 0.641250 0.650000 0.157500 0.396000
2 0.698750 0.546000 0.077500 0.308000
2 0.961250 0.622000 0.077500 0.308000
