1 0.307692 0.530048 0.076923 0.088942
0 0.519231 0.520433 0.043269 0.093750
1 0.591346 0.542067 0.048077 0.060096
0 0.673077 0.539663 0.028846 0.074519
0 0.740385 0.540865 0.057692 0.096154
0 0.852163 0.557692 0.040865 0.057692
0 0.193510 0.524038 0.074519 0.105769
2 0.186298 0.762019 0.098558 0.293269
2 0.313702 0.789663 0.117788 0.358173
2 0.521635 0.763221 0.096154 0.353365
2 0.608173 0.746394 0.076923 0.276442
2 0.663462 0.725962 0.062500 0.240385
2 0.745192 0.730769 0.072115 0.278846
2 0.855769 0.728365 0.091346 0.240385
