1 0.086250 0.350775 0.062500 0.081395
1 0.431250 0.341085 0.072500 0.077519
1 0.495000 0.346899 0.070000 0.096899
1 0.702500 0.453488 0.065000 0.085271
1 0.898750 0.472868 0.047500 0.100775
1 0.981250 0.344961 0.037500 0.116279
1 0.333750 0.327519 0.037500 0.050388
1 0.231250 0.273256 0.032500 0.042636
1 0.132500 0.261628 0.040000 0.050388
1 0.061250 0.265504 0.032500 0.034884
1 0.265000 0.203488 0.035000 0.058140
1 0.381250 0.244186 0.027500 0.062016
1 0.450000 0.217054 0.020000 0.038760
1 0.503750 0.209302 0.027500 0.038760
1 0.586250 0.218992 0.017500 0.042636
1 0.625000 0.284884 0.035000 0.042636
1 0.652500 0.259690 0.025000 0.046512
1 0.737500 0.222868 0.045000 0.042636
