0 0.885000 0.228464 0.150000 0.202247
0 0.673750 0.260300 0.097500 0.161049
0 0.567500 0.323970 0.070000 0.108614
0 0.516250 0.335206 0.052500 0.108614
0 0.463750 0.348315 0.052500 0.082397
0 0.397500 0.387640 0.045000 0.078652
0 0.343750 0.385768 0.047500 0.052434
0 0.308750 0.406367 0.032500 0.048689
0 0.280000 0.398876 0.035000 0.041199
0 0.260000 0.397004 0.030000 0.052434
0 0.231250 0.419476 0.027500 0.052434
0 0.183750 0.411985 0.032500 0.044944
2 0.877500 0.732210 0.245000 0.535581
2 0.708750 0.717228 0.197500 0.565543
2 0.573750 0.685393 0.107500 0.494382
2 0.501250 0.619850 0.057500 0.340824
2 0.460000 0.623596 0.075000 0.280899
2 0.405000 0.610487 0.085000 0.239700
2 0.241250 0.552434 0.047500 0.108614
