0 0.120192 0.240385 0.052885 0.067308
0 0.225962 0.245192 0.076923 0.144231
0 0.292067 0.207933 0.045673 0.064904
0 0.588942 0.288462 0.081731 0.081731
0 0.596154 0.205529 0.100962 0.079327
0 0.412260 0.212740 0.060096 0.084135
0 0.699519 0.227163 0.072115 0.079327
0 0.737981 0.323317 0.072115 0.079327
0 0.881010 0.237981 0.060096 0.076923
0 0.801683 0.191106 0.060096 0.079327
0 0.746394 0.199519 0.064904 0.076923
2 0.099760 0.455529 0.084135 0.257212
2 0.210337 0.665865 0.185096 0.490385
2 0.415865 0.495192 0.100962 0.312500
2 0.615385 0.705529 0.197115 0.555288
2 0.765625 0.584135 0.151442 0.403846
2 0.912260 0.531250 0.112981 0.394231
