0 0.403750 0.182222 0.107500 0.168889
1 0.105000 0.146667 0.055000 0.080000
0 0.150000 0.128889 0.045000 0.142222
1 0.213750 0.131111 0.057500 0.120000
0 0.280000 0.135556 0.060000 0.128889
1 0.327500 0.175556 0.065000 0.137778
0 0.461250 0.108889 0.072500 0.128889
0 0.605000 0.153333 0.065000 0.120000
0 0.671250 0.155556 0.067500 0.160000
0 0.833750 0.126667 0.102500 0.164444
3 0.475000 0.626667 0.120000 0.053333
3 0.698750 0.506667 0.062500 0.035556
3 0.816250 0.546667 0.112500 0.053333
2 0.127500 0.513333 0.080000 0.360000
2 0.450000 0.722222 0.235000 0.555556
2 0.671250 0.631111 0.127500 0.524444
2 0.813750 0.688889 0.177500 0.622222
