1 0.491587 0.704327 0.045673 0.076923
1 0.405048 0.585337 0.050481 0.079327
1 0.713942 0.657452 0.052885 0.079327
1 0.867788 0.685096 0.062500 0.096154
1 0.834135 0.566106 0.048077 0.098558
0 0.687500 0.352163 0.028846 0.040865
2 0.687500 0.448317 0.043269 0.084135
2 0.442308 0.217548 0.038462 0.079327
1 0.042067 0.689904 0.050481 0.072115
1 0.021635 0.592548 0.028846 0.074519
1 0.123798 0.713942 0.040865 0.110577
1 0.076923 0.572115 0.043269 0.072115
1 0.227163 0.687500 0.050481 0.115385
1 0.265625 0.641827 0.040865 0.076923
1 0.233173 0.585337 0.048077 0.079327
1 0.126202 0.527644 0.050481 0.069712
1 0.079327 0.524038 0.028846 0.033654
1 0.402644 0.474760 0.040865 0.045673
1 0.352163 0.539663 0.040865 0.084135
1 0.522837 0.537260 0.036058 0.060096
1 0.471154 0.567308 0.043269 0.081731
1 0.631010 0.567308 0.040865 0.091346
1 0.555288 0.591346 0.048077 0.091346
1 0.567308 0.507212 0.057692 0.081731
1 0.506010 0.411058 0.026442 0.052885
1 0.478365 0.401442 0.043269 0.062500
1 0.418269 0.407452 0.028846 0.093750
1 0.270433 0.388221 0.098558 0.040865
1 0.181490 0.368990 0.040865 0.045673
