1 0.352500 0.352060 0.055000 0.059925
1 0.340000 0.410112 0.050000 0.063670
1 0.551250 0.344569 0.042500 0.067416
1 0.553750 0.413858 0.037500 0.071161
1 0.422500 0.451311 0.030000 0.056180
1 0.465000 0.486891 0.030000 0.059925
2 0.332500 0.621723 0.130000 0.337079
2 0.558750 0.616105 0.122500 0.295880
1 0.102500 0.385768 0.055000 0.067416
1 0.145000 0.395131 0.045000 0.063670
1 0.920000 0.166667 0.070000 0.093633
1 0.731250 0.357678 0.052500 0.071161
1 0.981250 0.086142 0.037500 0.142322
1 0.650000 0.440075 0.025000 0.048689
1 0.683750 0.425094 0.032500 0.048689
2 0.472500 0.563670 0.055000 0.086142
