0 0.054000 0.599248 0.062000 0.046617
0 0.148000 0.623308 0.066000 0.067669
0 0.317500 0.596241 0.041000 0.061654
0 0.382500 0.593233 0.041000 0.052632
0 0.449500 0.596241 0.045000 0.076692
0 0.205000 0.593985 0.038000 0.045113
0 0.500500 0.606767 0.037000 0.058647
0 0.626500 0.605263 0.031000 0.055639
0 0.537500 0.581955 0.029000 0.048120
0 0.666500 0.578195 0.033000 0.046617
0 0.767000 0.612782 0.050000 0.052632
0 0.851500 0.597744 0.047000 0.064662
0 0.931500 0.579699 0.041000 0.052632
0 0.986000 0.598496 0.028000 0.066165
0 0.804000 0.589474 0.042000 0.048120
0 0.252000 0.589474 0.036000 0.048120
0 0.106000 0.551128 0.034000 0.040602
0 0.215500 0.543609 0.033000 0.052632
0 0.290000 0.542857 0.026000 0.030075
2 0.058000 0.793233 0.072000 0.251128
2 0.140500 0.821053 0.095000 0.249624
2 0.300000 0.784962 0.086000 0.228571
2 0.365000 0.800000 0.078000 0.243609
2 0.449500 0.778947 0.061000 0.222556
2 0.511500 0.821805 0.077000 0.266165
2 0.632000 0.803008 0.104000 0.249624
2 0.687500 0.745113 0.071000 0.227068
2 0.730500 0.745865 0.043000 0.168421
2 0.786500 0.829323 0.085000 0.260150
2 0.869000 0.796241 0.086000 0.242105
2 0.934500 0.758647 0.065000 0.224060
