0 0.257308 0.352510 0.066923 0.092050
0 0.174615 0.373431 0.038462 0.052301
2 0.136538 0.561715 0.062308 0.228033
2 0.236923 0.610879 0.158462 0.313808
0 0.047308 0.380230 0.036154 0.028243
2 0.052692 0.512029 0.091538 0.153766
0 0.340769 0.368724 0.044615 0.051255
2 0.343846 0.488494 0.083077 0.133891
0 0.478846 0.381276 0.043846 0.049163
2 0.478462 0.552824 0.096923 0.231172
0 0.627692 0.378138 0.043077 0.057531
2 0.618846 0.589435 0.131538 0.262552
0 0.757692 0.378661 0.049231 0.054393
2 0.746538 0.493201 0.090000 0.166318
0 0.846923 0.377615 0.041538 0.035565
2 0.840769 0.452929 0.038462 0.094142
0 0.890769 0.377615 0.029231 0.048117
2 0.892692 0.470711 0.059231 0.110879
0 0.569615 0.373954 0.042308 0.042887
