1 0.346154 0.354567 0.052885 0.060096
1 0.332933 0.409856 0.045673 0.060096
1 0.145433 0.395433 0.040865 0.045673
1 0.102163 0.391827 0.050481 0.062500
1 0.647837 0.433894 0.031250 0.031250
1 0.682692 0.424279 0.052885 0.050481
1 0.733173 0.353365 0.067308 0.057692
1 0.917067 0.179087 0.093750 0.103365
1 0.977163 0.099760 0.045673 0.161058
1 0.554087 0.358173 0.064904 0.067308
1 0.557692 0.412260 0.062500 0.074519
2 0.319712 0.606971 0.153846 0.281250
2 0.556490 0.596154 0.098558 0.283654
2 0.462740 0.563702 0.031250 0.103365
1 0.475962 0.492788 0.048077 0.038462
1 0.419471 0.448317 0.031250 0.060096
