3 0.210337 0.942308 0.132212 0.043269
0 0.093750 0.346154 0.125000 0.129808
0 0.181490 0.325721 0.098558 0.132212
0 0.266827 0.372596 0.134615 0.173077
0 0.330529 0.281250 0.098558 0.086538
0 0.498798 0.233173 0.084135 0.091346
0 0.444712 0.356971 0.105769 0.137019
0 0.548077 0.216346 0.076923 0.081731
0 0.609375 0.294471 0.112981 0.127404
0 0.676683 0.194712 0.060096 0.062500
0 0.798077 0.241587 0.096154 0.117788
0 0.877404 0.197115 0.086538 0.096154
0 0.953125 0.158654 0.060096 0.076923
2 0.210337 0.819712 0.324519 0.360577
2 0.423077 0.789663 0.149038 0.420673
2 0.604567 0.736779 0.175481 0.497596
2 0.783654 0.581731 0.173077 0.384615
2 0.894231 0.467548 0.110577 0.281250
3 0.594952 0.669471 0.108173 0.045673
3 0.787260 0.521635 0.088942 0.028846
3 0.871394 0.430288 0.060096 0.024038
