0 0.886250 0.217228 0.142500 0.187266
0 0.668750 0.264045 0.107500 0.161049
0 0.573750 0.331461 0.067500 0.108614
0 0.513750 0.337079 0.062500 0.104869
0 0.463750 0.352060 0.052500 0.089888
0 0.395000 0.393258 0.055000 0.074906
0 0.341250 0.380150 0.027500 0.056180
0 0.307500 0.410112 0.030000 0.048689
0 0.312500 0.376404 0.035000 0.041199
0 0.258750 0.400749 0.022500 0.052434
0 0.232500 0.410112 0.025000 0.033708
0 0.187500 0.406367 0.035000 0.056180
2 0.886250 0.709738 0.227500 0.580524
2 0.693750 0.709738 0.212500 0.580524
2 0.555000 0.668539 0.155000 0.445693
2 0.468750 0.627341 0.082500 0.355805
2 0.402500 0.604869 0.080000 0.303371
1 0.356250 0.574906 0.102500 0.235955
