1 0.529655 0.179834 0.088276 0.143451
1 0.578621 0.190229 0.048276 0.114345
2 0.529655 0.614345 0.182069 0.629938
2 0.658621 0.349272 0.108966 0.291060
1 0.650345 0.141372 0.053793 0.108108
1 0.802759 0.150728 0.057931 0.130977
2 0.820690 0.442827 0.160000 0.336798
1 0.911034 0.171518 0.067586 0.089397
2 0.919310 0.379418 0.106207 0.239085
1 0.421379 0.175676 0.070345 0.110187
2 0.391034 0.493763 0.114483 0.359667
1 0.224828 0.151767 0.060690 0.087318
2 0.222759 0.479210 0.155862 0.334719
1 0.106207 0.144491 0.033103 0.051975
2 0.120000 0.425156 0.143448 0.363825
1 0.342759 0.140333 0.067586 0.114345
