0 0.373462 0.383891 0.040769 0.064854
0 0.518846 0.377615 0.042308 0.052301
0 0.113077 0.374477 0.035385 0.037657
2 0.123077 0.476464 0.064615 0.124477
0 0.247308 0.375523 0.036154 0.037657
0 0.162692 0.373431 0.028462 0.018828
2 0.163846 0.434623 0.038462 0.072176
2 0.256154 0.498431 0.067692 0.141213
2 0.400769 0.592050 0.104615 0.248954
0 0.432692 0.374477 0.036154 0.039749
0 0.328462 0.380753 0.046154 0.060669
2 0.543846 0.564854 0.109231 0.221757
0 0.750000 0.344665 0.058462 0.088912
0 0.655769 0.379707 0.050000 0.048117
2 0.765769 0.626569 0.177692 0.290795
0 0.840385 0.382322 0.066923 0.065900
2 0.861923 0.551778 0.083846 0.247908
0 0.946923 0.392259 0.050769 0.056485
2 0.955385 0.517259 0.089231 0.155858
2 0.657308 0.498431 0.066923 0.143305
2 0.441538 0.458159 0.043077 0.098326
