0 0.064904 0.353365 0.081731 0.129808
0 0.199519 0.252404 0.081731 0.129808
0 0.353365 0.283654 0.081731 0.129808
0 0.430288 0.223558 0.081731 0.129808
0 0.521635 0.173077 0.081731 0.129808
0 0.670673 0.305288 0.081731 0.129808
0 0.841346 0.355769 0.081731 0.129808
0 0.740385 0.233173 0.081731 0.129808
0 0.926683 0.102163 0.084135 0.103365
0 0.718750 0.132212 0.081731 0.129808
0 0.875000 0.042067 0.096154 0.079327
0 0.936298 0.212740 0.084135 0.103365
0 0.502404 0.473558 0.081731 0.129808
2 0.087740 0.757212 0.137019 0.461538
2 0.082933 0.752404 0.137019 0.461538
2 0.207933 0.596154 0.137019 0.461538
2 0.325721 0.673077 0.137019 0.461538
2 0.489183 0.731971 0.194712 0.507212
2 0.646635 0.680288 0.139423 0.461538
2 0.831731 0.757212 0.139423 0.461538
2 0.930288 0.572115 0.139423 0.461538
3 0.091346 0.663462 0.072115 0.038462
3 0.204327 0.502404 0.052885 0.038462
3 0.336538 0.581731 0.067308 0.043269
3 0.496394 0.848558 0.093750 0.076923
3 0.653846 0.627404 0.052885 0.052885
3 0.837740 0.729567 0.112981 0.036058
