0 0.165714 0.218468 0.091429 0.130631
2 0.160000 0.648649 0.211429 0.567568
3 0.170000 0.538288 0.105714 0.058559
1 0.291429 0.250000 0.062857 0.103604
2 0.314286 0.608108 0.137143 0.414414
3 0.300000 0.509009 0.097143 0.090090
1 0.488571 0.281532 0.074286 0.121622
2 0.492857 0.662162 0.168571 0.486486
3 0.508571 0.560811 0.102857 0.067568
1 0.568571 0.288288 0.068571 0.126126
1 0.560000 0.191441 0.068571 0.049550
1 0.365714 0.202703 0.045714 0.063063
1 0.020000 0.193694 0.034286 0.108108
0 0.688571 0.306306 0.074286 0.126126
2 0.715714 0.722973 0.168571 0.554054
1 0.777143 0.322072 0.062857 0.112613
2 0.947143 0.680180 0.105714 0.360360
1 0.922857 0.328829 0.068571 0.126126
1 0.820000 0.286036 0.080000 0.130631
