1 0.092548 0.396635 0.060096 0.048077
1 0.185096 0.383413 0.057692 0.055288
1 0.280048 0.406250 0.055288 0.067308
1 0.402644 0.343750 0.026442 0.052885
1 0.493990 0.391827 0.079327 0.081731
1 0.659856 0.389423 0.079327 0.076923
1 0.611779 0.341346 0.055288 0.048077
1 0.824519 0.362981 0.062500 0.062500
1 0.951923 0.354567 0.072115 0.055288
2 0.087740 0.628606 0.151442 0.295673
2 0.192308 0.549279 0.081731 0.185096
2 0.308894 0.680288 0.161058 0.312500
2 0.508413 0.668269 0.170673 0.322115
2 0.705529 0.647837 0.237981 0.319712
2 0.743990 0.477163 0.132212 0.141827
1 0.319712 0.359375 0.081731 0.064904
2 0.361779 0.472356 0.084135 0.127404
