0 0.033654 0.212740 0.052885 0.074519
0 0.121394 0.290865 0.079327 0.115385
0 0.194712 0.248798 0.067308 0.108173
0 0.097356 0.194712 0.050481 0.062500
0 0.282452 0.195913 0.050481 0.060096
0 0.370192 0.230769 0.081731 0.110577
0 0.449519 0.258413 0.062500 0.098558
0 0.723558 0.300481 0.105769 0.110577
0 0.585337 0.228365 0.064904 0.076923
0 0.532452 0.173077 0.045673 0.038462
0 0.740385 0.192308 0.067308 0.067308
2 0.126202 0.693510 0.237981 0.564904
2 0.414663 0.622596 0.165865 0.413462
2 0.712740 0.661058 0.228365 0.418269
2 0.560096 0.501202 0.115385 0.310096
2 0.293269 0.501202 0.105769 0.343750
