0 0.566250 0.064050 0.092500 0.103306
3 0.652500 0.454545 0.065000 0.099174
2 0.572500 0.617769 0.335000 0.739669
1 0.778750 0.064050 0.052500 0.103306
1 0.713750 0.068182 0.057500 0.095041
1 0.640000 0.103306 0.055000 0.090909
1 0.476250 0.113636 0.032500 0.086777
1 0.446250 0.105372 0.027500 0.070248
1 0.410000 0.088843 0.040000 0.086777
1 0.348750 0.078512 0.037500 0.074380
1 0.300000 0.092975 0.045000 0.078512
1 0.241250 0.074380 0.032500 0.057851
1 0.190000 0.068182 0.030000 0.061983
1 0.150000 0.051653 0.035000 0.078512
1 0.102500 0.059917 0.040000 0.045455
1 0.053750 0.068182 0.022500 0.045455
