0 0.458750 0.436709 0.152500 0.164557
0 0.305000 0.320253 0.085000 0.083544
0 0.605000 0.305063 0.060000 0.068354
0 0.568750 0.305063 0.032500 0.048101
0 0.401250 0.274684 0.042500 0.043038
0 0.465000 0.272152 0.040000 0.032911
3 0.286250 0.484810 0.087500 0.037975
3 0.466250 0.882278 0.107500 0.048101
3 0.596250 0.429114 0.062500 0.037975
3 0.398750 0.358228 0.047500 0.027848
2 0.257500 0.516456 0.170000 0.283544
2 0.480000 0.837975 0.470000 0.324051
2 0.597500 0.477215 0.160000 0.215190
2 0.473750 0.330380 0.102500 0.068354
2 0.387500 0.350633 0.080000 0.078481
