0 0.054087 0.447115 0.064904 0.067308
0 0.167067 0.460337 0.093750 0.093750
0 0.286058 0.447115 0.038462 0.072115
0 0.493990 0.447115 0.050481 0.057692
0 0.406250 0.435096 0.033654 0.057692
0 0.890625 0.455529 0.069712 0.060096
0 0.731971 0.457933 0.045673 0.069712
0 0.805288 0.473558 0.057692 0.072115
0 0.664663 0.459135 0.060096 0.057692
0 0.610577 0.454327 0.038462 0.052885
0 0.569712 0.453125 0.057692 0.050481
0 0.337740 0.454327 0.050481 0.067308
2 0.168269 0.751202 0.139423 0.372596
2 0.032452 0.692308 0.060096 0.264423
2 0.294471 0.685096 0.122596 0.288462
2 0.504808 0.728365 0.163462 0.336538
2 0.674279 0.662260 0.127404 0.276442
2 0.917067 0.731971 0.161058 0.329327
2 0.805288 0.679087 0.072115 0.247596
