1 0.019792 0.402778 0.037500 0.150000
2 0.066146 0.791667 0.130208 0.361111
3 0.035417 0.812037 0.068750 0.050000
0 0.040625 0.310185 0.077083 0.157407
1 0.098437 0.263889 0.088542 0.153704
0 0.210938 0.271296 0.080208 0.138889
0 0.296354 0.350000 0.098958 0.159259
2 0.290625 0.781481 0.212500 0.433333
3 0.298438 0.797222 0.113542 0.094444
0 0.387500 0.217593 0.081250 0.131481
0 0.282813 0.154630 0.082292 0.153704
0 0.497917 0.183333 0.070833 0.100000
0 0.508854 0.294444 0.057292 0.107407
0 0.553125 0.376852 0.077083 0.157407
2 0.540104 0.752778 0.176042 0.464815
3 0.547396 0.779630 0.080208 0.085185
1 0.558854 0.068519 0.086458 0.088889
0 0.672917 0.193519 0.075000 0.138889
1 0.733333 0.364815 0.060417 0.137037
1 0.768750 0.347222 0.045833 0.142593
2 0.709896 0.787037 0.136458 0.425926
3 0.727604 0.800926 0.113542 0.075926
2 0.864062 0.816667 0.244792 0.366667
3 0.889583 0.839815 0.122917 0.087037
1 0.831771 0.412037 0.071875 0.190741
1 0.750521 0.217593 0.061458 0.112963
1 0.719792 0.244444 0.060417 0.092593
