1 0.227315 0.114180 0.049074 0.106814
1 0.236111 0.279006 0.046296 0.093923
1 0.416667 0.093923 0.055556 0.106814
1 0.401852 0.290976 0.050000 0.114180
1 0.567593 0.115101 0.044444 0.119705
1 0.572685 0.301105 0.056481 0.116022
1 0.754167 0.102210 0.049074 0.123389
1 0.751852 0.296501 0.048148 0.132597
1 0.844907 0.263352 0.050926 0.106814
3 0.588889 0.644567 0.072222 0.040516
3 0.786111 0.523020 0.079630 0.033149
2 0.221296 0.702578 0.146296 0.476980
2 0.403241 0.706262 0.163889 0.506446
2 0.593056 0.728361 0.163889 0.535912
2 0.777778 0.748619 0.157407 0.502762
