0 0.263221 0.145433 0.098558 0.132212
0 0.429087 0.038462 0.093750 0.062500
0 0.260817 0.341346 0.117788 0.076923
0 0.240385 0.489183 0.129808 0.069712
0 0.114183 0.665865 0.122596 0.110577
0 0.389423 0.596154 0.091346 0.110577
2 0.086538 0.894231 0.153846 0.206731
2 0.248798 0.772837 0.117788 0.319712
2 0.423077 0.843750 0.153846 0.250000
2 0.402644 0.259615 0.069712 0.235577
2 0.670673 0.903846 0.201923 0.187500
2 0.879808 0.794471 0.129808 0.319712
0 0.865385 0.509615 0.091346 0.110577
0 0.670673 0.627404 0.153846 0.110577
0 0.889423 0.334135 0.120192 0.110577
