0 0.188702 0.298077 0.117788 0.105769
0 0.460337 0.298077 0.117788 0.105769
0 0.722356 0.314904 0.117788 0.105769
0 0.844952 0.295673 0.117788 0.105769
0 0.376202 0.293269 0.117788 0.105769
0 0.594952 0.201923 0.069712 0.086538
0 0.347356 0.197115 0.069712 0.086538
2 0.168269 0.644231 0.168269 0.389423
2 0.467548 0.602163 0.175481 0.526442
2 0.736779 0.629808 0.151442 0.471154
2 0.890625 0.629808 0.151442 0.471154
2 0.336538 0.631010 0.091346 0.391827
3 0.203125 0.552885 0.084135 0.028846
3 0.341346 0.537260 0.081731 0.031250
3 0.467548 0.531250 0.084135 0.024038
3 0.753606 0.552885 0.079327 0.038462
3 0.881010 0.544471 0.084135 0.026442
