0 0.115385 0.176594 0.087692 0.106583
2 0.098077 0.529781 0.186923 0.526646
0 0.308462 0.165622 0.083077 0.086729
2 0.266923 0.367294 0.096923 0.262278
0 0.408077 0.202717 0.076154 0.117032
2 0.371538 0.524556 0.130769 0.436782
0 0.588846 0.229363 0.106923 0.174504
2 0.574615 0.700627 0.270769 0.598746
1 0.727692 0.200627 0.076923 0.108673
2 0.746538 0.473354 0.157692 0.334378
0 0.970769 0.194880 0.058462 0.118077
0 0.837308 0.213689 0.068462 0.086729
2 0.841923 0.380355 0.090000 0.234065
2 0.945769 0.535005 0.108462 0.378265
