1 0.169271 0.394444 0.090625 0.174074
1 0.268229 0.363889 0.063542 0.168519
1 0.232292 0.332407 0.060417 0.150000
1 0.249479 0.213889 0.044792 0.083333
1 0.289583 0.252778 0.064583 0.116667
0 0.329688 0.193519 0.080208 0.153704
1 0.439583 0.064815 0.054167 0.066667
0 0.499479 0.178704 0.069792 0.109259
0 0.484896 0.302778 0.069792 0.142593
0 0.452083 0.376852 0.077083 0.150000
3 0.118750 0.828704 0.106250 0.057407
2 0.119792 0.816667 0.204167 0.362963
2 0.290625 0.780556 0.145833 0.435185
3 0.277604 0.796296 0.115625 0.081481
2 0.456771 0.762037 0.161458 0.461111
3 0.456250 0.785185 0.072917 0.107407
0 0.615625 0.223148 0.085417 0.150000
0 0.707812 0.353704 0.090625 0.177778
0 0.715104 0.173148 0.090625 0.146296
0 0.786979 0.282407 0.080208 0.135185
1 0.897396 0.275926 0.065625 0.148148
0 0.967187 0.304630 0.065625 0.150000
1 0.980208 0.429630 0.039583 0.166667
2 0.931771 0.797222 0.136458 0.405556
3 0.967187 0.811111 0.065625 0.070370
2 0.710417 0.773148 0.231250 0.453704
3 0.708333 0.803704 0.108333 0.062963
