0 0.067824 0.450290 0.073793 0.151544
0 0.216495 0.411680 0.073793 0.151544
0 0.165491 0.437741 0.073793 0.151544
0 0.294628 0.429054 0.073793 0.151544
0 0.392838 0.474421 0.073793 0.151544
0 0.510038 0.452220 0.073793 0.151544
0 0.626696 0.458012 0.073793 0.151544
0 0.693435 0.443533 0.073793 0.151544
0 0.749864 0.459942 0.073793 0.151544
0 0.837765 0.449324 0.073793 0.151544
0 0.927292 0.458977 0.073793 0.151544
3 0.168475 0.638031 0.064569 0.054054
3 0.055073 0.626448 0.055887 0.038610
3 0.387683 0.629344 0.064569 0.054054
3 0.500543 0.629344 0.064569 0.054054
3 0.625882 0.611969 0.064569 0.054054
3 0.688823 0.605212 0.064569 0.054054
3 0.754476 0.619691 0.064569 0.054054
3 0.850515 0.606178 0.064569 0.054054
3 0.932990 0.638031 0.064569 0.054054
2 0.064026 0.763996 0.113945 0.352317
2 0.209984 0.764961 0.218123 0.402510
2 0.456321 0.711873 0.218123 0.402510
2 0.690722 0.725386 0.218123 0.402510
2 0.890396 0.698359 0.218123 0.402510
