1 0.087143 0.337838 0.071429 0.117117
2 0.074286 0.675676 0.125714 0.378378
1 0.180000 0.295045 0.051429 0.103604
1 0.230000 0.315315 0.060000 0.117117
0 0.317143 0.315315 0.074286 0.162162
2 0.292857 0.722973 0.208571 0.554054
1 0.440000 0.259009 0.068571 0.157658
1 0.514286 0.268018 0.074286 0.139640
2 0.511429 0.659910 0.188571 0.472973
3 0.295714 0.610360 0.111429 0.076577
3 0.498571 0.576577 0.088571 0.063063
1 0.712857 0.240991 0.077143 0.103604
2 0.697143 0.601351 0.160000 0.436937
0 0.834286 0.216216 0.097143 0.144144
2 0.848571 0.632883 0.177143 0.554054
1 0.985714 0.225225 0.028571 0.117117
1 0.630000 0.211712 0.065714 0.072072
