0 0.105000 0.491379 0.050000 0.077011
2 0.098846 0.653448 0.154615 0.191954
0 0.157308 0.467816 0.036154 0.043678
2 0.189231 0.600000 0.055385 0.133333
0 0.320385 0.453448 0.040769 0.067816
0 0.353462 0.472989 0.042308 0.063218
2 0.305000 0.687356 0.086923 0.248276
0 0.442692 0.495402 0.054615 0.096552
2 0.451154 0.767241 0.146923 0.355172
0 0.560385 0.466092 0.030000 0.044828
2 0.557308 0.616667 0.082308 0.189655
0 0.789615 0.487356 0.034615 0.066667
2 0.797308 0.713793 0.086923 0.287356
0 0.681154 0.464943 0.031538 0.040230
2 0.675000 0.572414 0.043846 0.128736
0 0.602692 0.455747 0.022308 0.035632
0 0.277692 0.459770 0.021538 0.048276
2 0.893846 0.536782 0.040000 0.103448
2 0.945385 0.531609 0.044615 0.097701
